* Stopping power tables calculated with libdEdx, version 1.2.1-svn0 and additional data taken from ICRU 90
* by user bassler on host baslup.
* Date of this calculation: Wed May  3 16:17:47 2023
* Timestamp: 20230503_161747
* Target material id: 104
* Target material name: AIR
* Algorithm: DEDX_ICRU49 + DEDX_ICRU73 + ICRU_90 + DEDX_MSTAR for He-4 with E > 250 MeV
* Energy [MeV/nucleon] dE/dx [MeV cm2/g] for ions 1<=z<=18
2.5000E-02 5.5289E+02 1.0180E+03 2.0620E+03 2.5600E+03 2.9590E+03 2.5170E+03 3.5540E+03 3.7960E+03 4.0020E+03 4.1900E+03 4.3370E+03 4.4990E+03 4.6470E+03 4.7940E+03 4.9460E+03 5.0820E+03 5.2420E+03 5.3510E+03
3.0000E-02 5.9050E+02 1.1169E+03 2.2380E+03 2.7970E+03 3.2530E+03 2.7770E+03 3.9460E+03 4.2280E+03 4.4670E+03 4.6830E+03 4.8540E+03 5.0290E+03 5.1930E+03 5.3520E+03 5.5150E+03 5.6650E+03 5.8360E+03 5.9540E+03
4.0000E-02 6.4830E+02 1.2866E+03 2.5320E+03 3.2050E+03 3.7660E+03 3.2407E+03 4.6450E+03 5.0050E+03 5.3120E+03 5.5870E+03 5.8130E+03 6.0200E+03 6.2150E+03 6.4010E+03 6.5880E+03 6.7660E+03 6.9570E+03 7.0920E+03
5.0000E-02 6.8770E+02 1.4290E+03 2.7640E+03 3.5460E+03 4.2040E+03 3.6480E+03 5.2540E+03 5.6900E+03 6.0640E+03 6.3990E+03 6.6840E+03 6.9290E+03 7.1600E+03 7.3780E+03 7.5950E+03 7.8020E+03 8.0150E+03 8.1670E+03
6.0000E-02 7.1320E+02 1.5488E+03 2.9430E+03 3.8290E+03 4.5820E+03 4.0127E+03 5.7960E+03 6.3020E+03 6.7390E+03 7.1330E+03 7.4770E+03 7.7630E+03 8.0350E+03 8.2890E+03 8.5390E+03 8.7790E+03 9.0170E+03 9.1890E+03
7.0000E-02 7.2789E+02 1.6491E+03 3.0770E+03 4.0600E+03 4.9050E+03 4.3404E+03 6.2800E+03 6.8560E+03 7.3540E+03 7.8030E+03 8.2060E+03 8.5310E+03 8.8460E+03 9.1370E+03 9.4220E+03 9.6970E+03 9.9630E+03 1.0150E+04
8.0000E-02 7.3410E+02 1.7331E+03 3.1760E+03 4.2450E+03 5.1780E+03 4.6353E+03 6.7120E+03 7.3570E+03 7.9150E+03 8.4180E+03 8.8780E+03 9.2430E+03 9.5990E+03 9.9280E+03 1.0240E+04 1.0550E+04 1.0850E+04 1.1070E+04
9.0000E-02 7.3393E+02 1.8032E+03 3.2470E+03 4.3900E+03 5.4040E+03 4.9014E+03 7.0940E+03 7.8080E+03 8.4270E+03 8.9860E+03 9.5020E+03 9.9050E+03 1.0300E+04 1.0660E+04 1.1020E+04 1.1360E+04 1.1690E+04 1.1930E+04
1.0000E-01 7.2900E+02 1.8610E+03 3.2960E+03 4.5020E+03 5.5880E+03 5.1413E+03 7.4280E+03 8.2120E+03 8.8920E+03 9.5070E+03 1.0080E+04 1.0520E+04 1.0960E+04 1.1360E+04 1.1750E+04 1.2130E+04 1.2480E+04 1.2750E+04
1.5000E-01 6.6720E+02 2.0080E+03 3.3540E+03 4.7510E+03 6.0860E+03 6.0043E+03 8.5170E+03 9.6090E+03 1.0580E+04 1.1470E+04 1.2340E+04 1.3000E+04 1.3650E+04 1.4250E+04 1.4830E+04 1.5380E+04 1.5890E+04 1.6290E+04
2.0000E-01 5.9220E+02 2.0020E+03 3.2820E+03 4.7600E+03 6.2160E+03 6.4544E+03 8.9890E+03 1.0280E+04 1.1470E+04 1.2580E+04 1.3710E+04 1.4570E+04 1.5450E+04 1.6250E+04 1.7040E+04 1.7790E+04 1.8480E+04 1.9030E+04
2.5000E-01 5.2824E+02 1.9220E+03 3.1760E+03 4.6860E+03 6.2030E+03 6.6310E+03 9.1720E+03 1.0590E+04 1.1910E+04 1.3180E+04 1.4500E+04 1.5510E+04 1.6570E+04 1.7550E+04 1.8510E+04 1.9450E+04 2.0310E+04 2.1030E+04
3.0000E-01 4.7650E+02 1.8093E+03 3.0610E+03 4.5810E+03 6.1300E+03 6.6291E+03 9.2160E+03 1.0720E+04 1.2130E+04 1.3490E+04 1.4940E+04 1.6070E+04 1.7250E+04 1.8370E+04 1.9480E+04 2.0560E+04 2.1570E+04 2.2440E+04
4.0000E-01 4.0120E+02 1.5699E+03 2.8390E+03 4.3460E+03 5.9150E+03 6.4201E+03 9.1190E+03 1.0720E+04 1.2230E+04 1.3710E+04 1.5330E+04 1.6580E+04 1.7930E+04 1.9220E+04 2.0530E+04 2.1820E+04 2.3040E+04 2.4110E+04
5.0000E-01 3.4980E+02 1.3810E+03 2.6390E+03 4.1130E+03 5.6760E+03 6.1780E+03 8.9230E+03 1.0570E+04 1.2130E+04 1.3670E+04 1.5400E+04 1.6700E+04 1.8160E+04 1.9550E+04 2.0990E+04 2.2410E+04 2.3770E+04 2.4960E+04
6.0000E-01 3.1210E+02 1.2347E+03 2.4610E+03 3.8960E+03 5.4390E+03 5.9565E+03 8.6920E+03 1.0360E+04 1.1950E+04 1.3520E+04 1.5330E+04 1.6660E+04 1.8170E+04 1.9640E+04 2.1160E+04 2.2670E+04 2.4110E+04 2.5390E+04
7.0000E-01 2.8251E+02 1.1196E+03 2.3050E+03 3.6960E+03 5.2120E+03 5.7586E+03 8.4510E+03 1.0130E+04 1.1730E+04 1.3320E+04 1.5180E+04 1.6520E+04 1.8080E+04 1.9580E+04 2.1170E+04 2.2740E+04 2.4250E+04 2.5590E+04
8.0000E-01 2.5870E+02 1.0269E+03 2.1670E+03 3.5130E+03 4.9980E+03 5.5809E+03 8.2100E+03 9.8930E+03 1.1500E+04 1.3100E+04 1.4980E+04 1.6330E+04 1.7910E+04 1.9450E+04 2.1080E+04 2.2700E+04 2.4250E+04 2.5640E+04
9.0000E-01 2.3912E+02 9.5022E+02 2.0440E+03 3.3460E+03 4.7990E+03 5.4168E+03 7.9740E+03 9.6530E+03 1.1250E+04 1.2860E+04 1.4770E+04 1.6110E+04 1.7710E+04 1.9270E+04 2.0930E+04 2.2590E+04 2.4180E+04 2.5590E+04
1.0000E+00 2.2270E+02 8.8580E+02 1.9330E+03 3.1930E+03 4.6120E+03 5.2627E+03 7.7460E+03 9.4150E+03 1.1010E+04 1.2610E+04 1.4540E+04 1.5870E+04 1.7490E+04 1.9060E+04 2.0750E+04 2.2430E+04 2.4050E+04 2.5490E+04
1.5000E+00 1.6820E+02 6.6960E+02 1.5230E+03 2.5920E+03 3.8480E+03 4.6096E+03 6.7410E+03 8.3320E+03 9.8750E+03 1.1430E+04 1.3380E+04 1.4660E+04 1.6280E+04 1.7870E+04 1.9600E+04 2.1360E+04 2.3040E+04 2.4530E+04
2.0000E+00 1.3700E+02 5.4530E+02 1.2570E+03 2.1790E+03 3.2920E+03 4.0937E+03 5.9410E+03 7.4340E+03 8.9010E+03 1.0390E+04 1.2300E+04 1.3530E+04 1.5120E+04 1.6680E+04 1.8410E+04 2.0170E+04 2.1860E+04 2.3350E+04
2.5000E+00 1.1624E+02 4.6340E+02 1.0720E+03 1.8790E+03 2.8720E+03 3.6790E+03 5.2980E+03 6.6950E+03 8.0820E+03 9.5060E+03 1.1340E+04 1.2520E+04 1.4070E+04 1.5600E+04 1.7290E+04 1.9030E+04 2.0700E+04 2.2180E+04
3.0000E+00 1.0170E+02 4.0426E+02 9.3720E+02 1.6530E+03 2.5470E+03 3.3448E+03 4.7750E+03 6.0790E+03 7.3890E+03 8.7440E+03 1.0510E+04 1.1640E+04 1.3140E+04 1.4620E+04 1.6280E+04 1.7980E+04 1.9620E+04 2.1080E+04
4.0000E+00 8.1920E+01 3.2607E+02 7.5200E+02 1.3350E+03 2.0760E+03 2.8276E+03 3.9790E+03 5.1210E+03 6.2910E+03 7.5170E+03 9.1310E+03 1.0180E+04 1.1570E+04 1.2960E+04 1.4530E+04 1.6150E+04 1.7710E+04 1.9110E+04
5.0000E+00 6.9050E+01 2.7470E+02 6.3130E+02 1.1230E+03 1.7550E+03 2.4250E+03 3.4070E+03 4.4150E+03 5.4660E+03 6.5780E+03 8.0490E+03 9.0310E+03 1.0320E+04 1.1620E+04 1.3090E+04 1.4620E+04 1.6110E+04 1.7450E+04
6.0000E+00 5.9940E+01 2.3801E+02 5.4630E+02 9.7290E+02 1.5220E+03 2.1134E+03 2.9780E+03 3.8770E+03 4.8280E+03 5.8420E+03 7.1830E+03 8.1030E+03 9.3100E+03 1.0520E+04 1.1900E+04 1.3340E+04 1.4750E+04 1.6030E+04
7.0000E+00 5.3098E+01 2.1107E+02 4.8310E+02 8.6010E+02 1.3470E+03 1.8757E+03 2.6460E+03 3.4560E+03 4.3210E+03 5.2520E+03 6.4770E+03 7.3430E+03 8.4700E+03 9.6130E+03 1.0900E+04 1.2260E+04 1.3600E+04 1.4810E+04
8.0000E+00 4.7810E+01 1.9024E+02 4.3410E+02 7.7240E+02 1.2100E+03 1.6917E+03 2.3820E+03 3.1170E+03 3.9100E+03 4.7680E+03 5.8940E+03 6.7110E+03 7.7650E+03 8.8400E+03 1.0050E+04 1.1330E+04 1.2600E+04 1.3760E+04
9.0000E+00 4.3553E+01 1.7328E+02 3.9490E+02 7.0240E+02 1.1000E+03 1.5429E+03 2.1680E+03 2.8400E+03 3.5720E+03 4.3670E+03 5.4040E+03 6.1780E+03 7.1660E+03 8.1800E+03 9.3240E+03 1.0530E+04 1.1730E+04 1.2850E+04
1.0000E+01 4.0040E+01 1.5930E+02 3.6270E+02 6.4500E+02 1.0090E+03 1.4194E+03 1.9900E+03 2.6100E+03 3.2880E+03 4.0290E+03 4.9880E+03 5.7230E+03 6.6530E+03 7.6110E+03 8.6900E+03 9.8390E+03 1.0980E+04 1.2040E+04
1.5000E+01 2.8920E+01 1.1500E+02 2.6140E+02 4.6430E+02 7.2560E+02 1.0303E+03 1.4270E+03 1.8710E+03 2.3680E+03 2.9170E+03 3.6050E+03 4.1900E+03 4.9030E+03 5.6490E+03 6.4840E+03 7.3800E+03 8.2870E+03 9.1600E+03
2.0000E+01 2.2930E+01 9.1190E+01 2.0700E+02 3.6770E+02 5.7420E+02 8.1646E+02 1.1260E+03 1.4750E+03 1.8680E+03 2.3050E+03 2.8360E+03 3.3230E+03 3.8980E+03 4.5070E+03 5.1820E+03 5.9110E+03 6.6580E+03 7.3940E+03
2.5000E+01 1.9099E+01 7.6140E+01 1.7280E+02 3.0690E+02 4.7920E+02 6.8390E+02 9.3920E+02 1.2280E+03 1.5550E+03 1.9190E+03 2.3520E+03 2.7690E+03 3.2510E+03 3.7650E+03 4.3320E+03 4.9450E+03 5.5790E+03 6.2140E+03
3.0000E+01 1.6520E+01 6.5591E+01 1.4910E+02 2.6490E+02 4.1360E+02 5.9102E+02 8.1010E+02 1.0580E+03 1.3400E+03 1.6540E+03 2.0200E+03 2.3860E+03 2.8020E+03 3.2470E+03 3.7370E+03 4.2650E+03 4.8160E+03 5.3750E+03
4.0000E+01 1.3120E+01 5.2197E+01 1.1830E+02 2.1020E+02 3.2840E+02 4.6942E+02 6.4290E+02 8.3960E+02 1.0620E+03 1.3110E+03 1.5940E+03 1.8890E+03 2.2190E+03 2.5730E+03 2.9590E+03 3.3760E+03 3.8140E+03 4.2660E+03
5.0000E+01 1.0980E+01 4.3690E+01 9.9070E+01 1.7610E+02 2.7500E+02 3.9350E+02 5.3860E+02 7.0330E+02 8.8980E+02 1.0980E+03 1.3320E+03 1.5810E+03 1.8560E+03 2.1530E+03 2.4740E+03 2.8210E+03 3.1870E+03 3.5680E+03
6.0000E+01 9.5140E+00 3.7769E+01 8.5830E+01 1.5250E+02 2.3830E+02 3.4092E+02 4.6690E+02 6.0970E+02 7.7130E+02 9.5190E+02 1.1530E+03 1.3700E+03 1.6080E+03 1.8650E+03 2.1430E+03 2.4410E+03 2.7580E+03 3.0890E+03
7.0000E+01 8.4363E+00 3.3535E+01 7.6140E+01 1.3530E+02 2.1150E+02 3.0275E+02 4.1440E+02 5.4110E+02 6.8470E+02 8.4510E+02 1.0230E+03 1.2160E+03 1.4270E+03 1.6550E+03 1.9010E+03 2.1650E+03 2.4460E+03 2.7410E+03
8.0000E+01 7.6180E+00 3.0325E+01 6.8730E+01 1.2220E+02 1.9100E+02 2.7344E+02 3.7420E+02 4.8870E+02 6.1840E+02 7.6330E+02 9.2400E+02 1.0980E+03 1.2890E+03 1.4950E+03 1.7170E+03 1.9550E+03 2.2080E+03 2.4740E+03
9.0000E+01 6.9693E+00 2.7736E+01 6.2870E+01 1.1170E+02 1.7470E+02 2.5003E+02 3.4240E+02 4.4720E+02 5.6600E+02 6.9870E+02 8.4560E+02 1.0050E+03 1.1800E+03 1.3690E+03 1.5710E+03 1.7890E+03 2.0200E+03 2.2640E+03
1.0000E+02 6.4410E+00 2.5630E+01 5.8110E+01 1.0330E+02 1.6150E+02 2.3094E+02 3.1660E+02 4.1360E+02 5.2340E+02 6.4620E+02 7.8210E+02 9.3040E+02 1.0920E+03 1.2660E+03 1.4540E+03 1.6540E+03 1.8680E+03 2.0940E+03
1.5000E+02 4.8150E+00 1.9170E+01 4.3460E+01 7.7310E+01 1.2080E+02 1.7322E+02 2.3700E+02 3.0970E+02 3.9210E+02 4.8420E+02 5.8600E+02 6.9750E+02 8.1880E+02 9.4980E+02 1.0900E+03 1.2410E+03 1.4010E+03 1.5710E+03
2.0000E+02 3.9750E+00 1.5830E+01 3.5890E+01 6.3840E+01 9.9820E+01 1.4280E+02 1.9580E+02 2.5590E+02 3.2400E+02 4.0030E+02 4.8450E+02 5.7690E+02 6.7730E+02 7.8580E+02 9.0240E+02 1.0270E+03 1.1590E+03 1.3000E+03
2.5000E+02 3.4551E+00 1.3790E+01 3.1270E+01 5.5630E+01 8.6980E+01 1.2470E+02 1.7070E+02 2.2310E+02 2.8270E+02 3.4900E+02 4.2250E+02 5.0310E+02 5.9080E+02 6.8550E+02 7.8730E+02 8.9620E+02 1.0120E+03 1.1350E+03
3.0000E+02 3.1170E+00 1.2420E+01 2.8160E+01 5.0110E+01 7.8350E+01 1.1242E+02 1.5380E+02 2.0100E+02 2.5450E+02 3.1450E+02 3.8080E+02 4.5350E+02 5.3250E+02 6.1800E+02 7.0990E+02 8.0820E+02 9.1290E+02 1.0240E+03
4.0000E+02 2.6860E+00 1.0710E+01 2.4280E+01 4.3210E+01 6.7570E+01 9.6898E+01 1.3260E+02 1.7340E+02 2.1960E+02 2.7140E+02 3.2860E+02 3.9140E+02 4.5970E+02 5.3350E+02 6.1290E+02 6.9790E+02 7.8850E+02 8.8460E+02
5.0000E+02 2.4310E+00 9.6960E+00 2.1990E+01 3.9130E+01 6.1190E+01 8.7770E+01 1.2010E+02 1.5700E+02 1.9890E+02 2.4580E+02 2.9770E+02 3.5460E+02 4.1650E+02 4.8350E+02 5.5550E+02 6.3260E+02 7.1470E+02 8.0190E+02
6.0000E+02 2.2650E+00 9.0390E+00 2.0500E+01 3.6480E+01 5.7050E+01 8.1796E+01 1.1200E+02 1.4640E+02 1.8550E+02 2.2920E+02 2.7760E+02 3.3070E+02 3.8850E+02 4.5100E+02 5.1810E+02 5.9010E+02 6.6670E+02 7.4820E+02
7.0000E+02 2.1502E+00 8.5860E+00 1.9470E+01 3.4650E+01 5.4200E+01 7.7790E+01 1.0640E+02 1.3910E+02 1.7620E+02 2.1780E+02 2.6380E+02 3.1420E+02 3.6910E+02 4.2850E+02 4.9240E+02 5.6080E+02 6.3360E+02 7.1110E+02
8.0000E+02 2.0690E+00 8.2600E+00 1.8730E+01 3.3340E+01 5.2150E+01 7.4890E+01 1.0240E+02 1.3390E+02 1.6960E+02 2.0960E+02 2.5380E+02 3.0240E+02 3.5520E+02 4.1240E+02 4.7390E+02 5.3970E+02 6.0990E+02 6.8440E+02
9.0000E+02 2.0083E+00 8.0220E+00 1.8190E+01 3.2370E+01 5.0640E+01 7.2234E+01 9.9450E+01 1.3000E+02 1.6470E+02 2.0350E+02 2.4650E+02 2.9370E+02 3.4500E+02 4.0050E+02 4.6020E+02 5.2420E+02 5.9230E+02 6.6470E+02
1.0000E+03 1.9620E+00 7.8390E+00 1.7780E+01 3.1630E+01 4.9480E+01 6.8960E+01 9.7180E+01 1.2700E+02 1.6090E+02 1.9890E+02 2.4090E+02 2.8700E+02 3.3720E+02 3.9140E+02 4.4980E+02 5.1230E+02 5.7890E+02 6.4970E+02
