* Stopping power tables calculated with libdEdx, version 1.2.1-svn0 and additional data taken from ICRU 90
* by user bassler on host baslup.
* Date of this calculation: Wed May  3 16:17:22 2023
* Timestamp: 20230503_161722
* Target material id: 276
* Target material name: WATER
* Algorithm: DEDX_ICRU49 + DEDX_ICRU73 + ICRU_90 + DEDX_MSTAR for He-4 with E > 250 MeV
* Energy [MeV/nucleon] dE/dx [MeV cm2/g] for ions 1<=z<=18
2.5000E-02 6.1982E+02 1.1310E+03 2.3190E+03 2.8720E+03 3.2920E+03 3.1310E+03 3.8820E+03 4.1220E+03 4.2950E+03 4.4510E+03 4.5910E+03 4.7540E+03 4.9110E+03 5.0700E+03 5.2620E+03 5.4130E+03 5.6170E+03 5.7160E+03
3.0000E-02 6.6280E+02 1.2398E+03 2.5200E+03 3.1440E+03 3.6320E+03 3.4787E+03 4.3280E+03 4.6060E+03 4.8110E+03 4.9910E+03 5.1550E+03 5.3180E+03 5.4860E+03 5.6530E+03 5.8540E+03 6.0190E+03 6.2310E+03 6.3390E+03
4.0000E-02 7.2900E+02 1.4264E+03 2.8540E+03 3.6100E+03 4.2230E+03 4.1018E+03 5.1310E+03 5.4940E+03 5.7680E+03 6.0040E+03 6.2240E+03 6.3960E+03 6.5850E+03 6.7700E+03 6.9870E+03 7.1760E+03 7.3980E+03 7.5200E+03
5.0000E-02 7.7400E+02 1.5820E+03 3.1160E+03 3.9970E+03 4.7240E+03 4.6520E+03 5.8370E+03 6.2870E+03 6.6340E+03 6.9340E+03 7.2200E+03 7.4140E+03 7.6300E+03 7.8380E+03 8.0740E+03 8.2870E+03 8.5210E+03 8.6520E+03
6.0000E-02 8.0260E+02 1.7134E+03 3.3200E+03 4.3170E+03 5.1540E+03 5.1449E+03 6.4630E+03 6.9980E+03 7.4200E+03 7.7850E+03 8.1440E+03 8.3660E+03 8.6190E+03 8.8560E+03 9.1190E+03 9.3600E+03 9.6100E+03 9.7530E+03
7.0000E-02 8.1839E+02 1.8242E+03 3.4760E+03 4.5790E+03 5.5220E+03 5.5891E+03 7.0210E+03 7.6390E+03 8.1340E+03 8.5660E+03 8.9980E+03 9.2550E+03 9.5510E+03 9.8230E+03 1.0120E+04 1.0390E+04 1.0660E+04 1.0820E+04
8.0000E-02 8.2410E+02 1.9178E+03 3.5910E+03 4.7900E+03 5.8320E+03 5.9908E+03 7.5170E+03 8.2180E+03 8.7860E+03 9.2840E+03 9.7910E+03 1.0080E+04 1.0430E+04 1.0740E+04 1.1060E+04 1.1370E+04 1.1670E+04 1.1850E+04
9.0000E-02 8.2216E+02 1.9965E+03 3.6760E+03 4.9570E+03 6.0910E+03 6.3543E+03 7.9540E+03 8.7370E+03 9.3790E+03 9.9440E+03 1.0530E+04 1.0860E+04 1.1250E+04 1.1600E+04 1.1960E+04 1.2310E+04 1.2630E+04 1.2840E+04
1.0000E-01 8.1450E+02 2.0620E+03 3.7350E+03 5.0870E+03 6.3040E+03 6.6825E+03 8.3380E+03 9.2010E+03 9.9150E+03 1.0550E+04 1.1210E+04 1.1580E+04 1.2020E+04 1.2410E+04 1.2820E+04 1.3200E+04 1.3550E+04 1.3780E+04
1.5000E-01 7.3600E+02 2.2400E+03 3.8120E+03 5.3870E+03 6.8890E+03 7.8752E+03 9.5940E+03 1.0810E+04 1.1860E+04 1.2810E+04 1.3850E+04 1.4460E+04 1.5150E+04 1.5770E+04 1.6400E+04 1.6990E+04 1.7520E+04 1.7900E+04
2.0000E-01 6.5850E+02 2.2560E+03 3.7350E+03 5.4030E+03 7.0450E+03 8.5203E+03 1.0140E+04 1.1600E+04 1.2890E+04 1.4100E+04 1.5450E+04 1.6280E+04 1.7230E+04 1.8090E+04 1.8940E+04 1.9760E+04 2.0500E+04 2.1070E+04
2.5000E-01 5.9547E+02 2.1900E+03 3.6130E+03 5.3180E+03 7.0310E+03 8.7910E+03 1.0360E+04 1.1960E+04 1.3410E+04 1.4790E+04 1.6380E+04 1.7370E+04 1.8530E+04 1.9590E+04 2.0660E+04 2.1680E+04 2.2620E+04 2.3380E+04
3.0000E-01 5.4350E+02 2.0774E+03 3.4820E+03 5.1970E+03 6.9440E+03 8.7958E+03 1.0400E+04 1.2100E+04 1.3650E+04 1.5150E+04 1.6920E+04 1.8020E+04 1.9330E+04 2.0550E+04 2.1780E+04 2.2980E+04 2.4080E+04 2.5000E+04
4.0000E-01 4.6430E+02 1.8140E+03 3.2260E+03 4.9240E+03 6.6920E+03 8.4440E+03 1.0280E+04 1.2080E+04 1.3750E+04 1.5380E+04 1.7370E+04 1.8600E+04 2.0110E+04 2.1540E+04 2.2990E+04 2.4430E+04 2.5770E+04 2.6930E+04
5.0000E-01 4.0650E+02 1.5990E+03 2.9950E+03 4.6550E+03 6.4130E+03 8.0290E+03 1.0040E+04 1.1890E+04 1.3620E+04 1.5320E+04 1.7440E+04 1.8730E+04 2.0350E+04 2.1900E+04 2.3500E+04 2.5090E+04 2.6580E+04 2.7890E+04
6.0000E-01 3.6240E+02 1.4301E+03 2.7910E+03 4.4040E+03 6.1370E+03 7.6515E+03 9.7680E+03 1.1640E+04 1.3400E+04 1.5140E+04 1.7340E+04 1.8650E+04 2.0350E+04 2.1980E+04 2.3670E+04 2.5360E+04 2.6950E+04 2.8360E+04
7.0000E-01 3.2762E+02 1.2960E+03 2.6110E+03 4.1730E+03 5.8750E+03 7.3145E+03 9.4840E+03 1.1360E+04 1.3140E+04 1.4900E+04 1.7160E+04 1.8480E+04 2.0220E+04 2.1900E+04 2.3660E+04 2.5420E+04 2.7080E+04 2.8560E+04
8.0000E-01 2.9970E+02 1.1872E+03 2.4520E+03 3.9630E+03 5.6280E+03 7.0178E+03 9.2040E+03 1.1080E+04 1.2860E+04 1.4630E+04 1.6930E+04 1.8250E+04 2.0020E+04 2.1730E+04 2.3540E+04 2.5350E+04 2.7070E+04 2.8590E+04
9.0000E-01 2.7671E+02 1.0968E+03 2.3100E+03 3.7710E+03 5.3980E+03 6.7507E+03 8.9300E+03 1.0800E+04 1.2570E+04 1.4340E+04 1.6680E+04 1.7990E+04 1.9780E+04 2.1510E+04 2.3360E+04 2.5210E+04 2.6960E+04 2.8520E+04
1.0000E+00 2.5740E+02 1.0210E+03 2.1840E+03 3.5960E+03 5.1840E+03 6.5068E+03 8.6670E+03 1.0520E+04 1.2290E+04 1.4060E+04 1.6410E+04 1.7720E+04 1.9520E+04 2.1260E+04 2.3130E+04 2.5010E+04 2.6790E+04 2.8380E+04
1.5000E+00 1.9340E+02 7.6870E+02 1.7150E+03 2.9120E+03 4.3120E+03 5.5405E+03 7.5170E+03 9.2790E+03 1.0980E+04 1.2700E+04 1.5040E+04 1.6310E+04 1.8120E+04 1.9880E+04 2.1790E+04 2.3730E+04 2.5580E+04 2.7230E+04
2.0000E+00 1.5690E+02 6.2390E+02 1.4140E+03 2.4440E+03 3.6830E+03 4.8370E+03 6.6130E+03 8.2620E+03 9.8800E+03 1.1530E+04 1.3800E+04 1.5030E+04 1.6800E+04 1.8520E+04 2.0420E+04 2.2370E+04 2.4210E+04 2.5870E+04
2.5000E+00 1.3278E+02 5.2900E+02 1.2050E+03 2.1060E+03 3.2110E+03 4.2970E+03 5.8920E+03 7.4310E+03 8.9600E+03 1.0530E+04 1.2710E+04 1.3900E+04 1.5610E+04 1.7300E+04 1.9160E+04 2.1070E+04 2.2900E+04 2.4540E+04
3.0000E+00 1.1600E+02 4.6073E+02 1.0520E+03 1.8520E+03 2.8460E+03 3.8679E+03 5.3080E+03 6.7430E+03 8.1870E+03 9.6820E+03 1.1750E+04 1.2910E+04 1.4560E+04 1.6200E+04 1.8020E+04 1.9890E+04 2.1680E+04 2.3300E+04
4.0000E+00 9.3190E+01 3.7074E+02 8.4420E+02 1.4960E+03 2.3200E+03 3.2224E+03 4.4230E+03 5.6790E+03 6.9690E+03 8.3210E+03 1.0190E+04 1.1280E+04 1.2820E+04 1.4350E+04 1.6070E+04 1.7840E+04 1.9550E+04 2.1100E+04
5.0000E+00 7.8420E+01 3.1180E+02 7.0860E+02 1.2590E+03 1.9620E+03 2.7500E+03 3.7880E+03 4.8980E+03 6.0570E+03 7.2850E+03 8.9670E+03 9.9980E+03 1.1430E+04 1.2870E+04 1.4470E+04 1.6150E+04 1.7770E+04 1.9260E+04
6.0000E+00 6.8010E+01 2.6986E+02 6.1320E+02 1.0900E+03 1.7030E+03 2.3945E+03 3.3140E+03 4.3040E+03 5.3540E+03 6.4740E+03 7.9960E+03 8.9730E+03 1.0300E+04 1.1650E+04 1.3160E+04 1.4730E+04 1.6270E+04 1.7690E+04
7.0000E+00 6.0201E+01 2.3918E+02 5.4210E+02 9.6390E+02 1.5070E+03 2.1249E+03 2.9470E+03 3.8390E+03 4.7950E+03 5.8230E+03 7.2070E+03 8.1340E+03 9.3770E+03 1.0640E+04 1.2050E+04 1.3540E+04 1.5000E+04 1.6350E+04
8.0000E+00 5.4170E+01 2.1547E+02 4.8710E+02 8.6590E+02 1.3540E+03 1.9152E+03 2.6550E+03 3.4660E+03 4.3430E+03 5.2920E+03 6.5560E+03 7.4380E+03 8.6000E+03 9.7880E+03 1.1110E+04 1.2520E+04 1.3900E+04 1.5190E+04
9.0000E+00 4.9319E+01 1.9613E+02 4.4300E+02 7.8740E+02 1.2320E+03 1.7455E+03 2.4180E+03 3.1610E+03 3.9700E+03 4.8500E+03 6.0110E+03 6.8510E+03 7.9410E+03 9.0610E+03 1.0310E+04 1.1640E+04 1.2950E+04 1.4180E+04
1.0000E+01 4.5320E+01 1.8020E+02 4.0700E+02 7.2310E+02 1.1310E+03 1.6049E+03 2.2220E+03 2.9070E+03 3.6580E+03 4.4780E+03 5.5490E+03 6.3500E+03 7.3760E+03 8.4340E+03 9.6150E+03 1.0870E+04 1.2120E+04 1.3300E+04
1.5000E+01 3.2690E+01 1.3000E+02 2.9310E+02 5.2050E+02 8.1300E+02 1.1638E+03 1.5960E+03 2.0900E+03 2.6420E+03 3.2520E+03 4.0150E+03 4.6620E+03 5.4500E+03 6.2760E+03 7.1920E+03 8.1730E+03 9.1690E+03 1.0140E+04
2.0000E+01 2.5890E+01 1.0300E+02 2.3210E+02 4.1210E+02 6.4340E+02 9.2148E+02 1.2610E+03 1.6500E+03 2.0880E+03 2.5740E+03 3.1640E+03 3.7050E+03 4.3420E+03 5.0170E+03 5.7610E+03 6.5620E+03 7.3850E+03 8.2020E+03
2.5000E+01 2.1553E+01 8.5930E+01 1.9360E+02 3.4390E+02 5.3690E+02 7.7170E+02 1.0520E+03 1.3740E+03 1.7390E+03 2.1460E+03 2.6260E+03 3.0920E+03 3.6270E+03 4.1980E+03 4.8250E+03 5.5000E+03 6.2000E+03 6.9060E+03
3.0000E+01 1.8640E+01 7.3986E+01 1.6710E+02 2.9680E+02 4.6340E+02 6.6673E+02 9.0720E+02 1.1850E+03 1.4990E+03 1.8500E+03 2.2570E+03 2.6660E+03 3.1290E+03 3.6250E+03 4.1670E+03 4.7500E+03 5.3600E+03 5.9820E+03
4.0000E+01 1.4790E+01 5.8852E+01 1.3250E+02 2.3550E+02 3.6780E+02 5.2916E+02 7.2000E+02 9.4000E+02 1.1890E+03 1.4680E+03 1.7830E+03 2.1140E+03 2.4810E+03 2.8760E+03 3.3050E+03 3.7670E+03 4.2540E+03 4.7570E+03
5.0000E+01 1.2380E+01 4.9230E+01 1.1090E+02 1.9720E+02 3.0800E+02 4.4340E+02 6.0300E+02 7.8730E+02 9.9600E+02 1.2290E+03 1.4900E+03 1.7700E+03 2.0770E+03 2.4080E+03 2.7660E+03 3.1510E+03 3.5590E+03 3.9840E+03
6.0000E+01 1.0720E+01 4.2542E+01 9.6080E+01 1.7080E+02 2.6680E+02 3.8405E+02 5.2270E+02 6.8240E+02 8.6340E+02 1.0650E+03 1.2910E+03 1.5340E+03 1.8000E+03 2.0870E+03 2.3970E+03 2.7290E+03 3.0820E+03 3.4520E+03
7.0000E+01 9.5005E+00 3.7770E+01 8.5220E+01 1.5150E+02 2.3670E+02 3.4095E+02 4.6380E+02 6.0570E+02 7.6630E+02 9.4580E+02 1.1450E+03 1.3610E+03 1.5980E+03 1.8520E+03 2.1270E+03 2.4220E+03 2.7340E+03 3.0640E+03
8.0000E+01 8.5780E+00 3.4151E+01 7.6920E+01 1.3680E+02 2.1370E+02 3.0783E+02 4.1880E+02 5.4690E+02 6.9210E+02 8.5420E+02 1.0340E+03 1.2300E+03 1.4430E+03 1.6730E+03 1.9220E+03 2.1870E+03 2.4690E+03 2.7670E+03
9.0000E+01 7.8463E+00 3.1228E+01 7.0350E+01 1.2510E+02 1.9550E+02 2.8138E+02 3.8320E+02 5.0050E+02 6.3330E+02 7.8180E+02 9.4620E+02 1.1260E+03 1.3210E+03 1.5320E+03 1.7600E+03 2.0010E+03 2.2600E+03 2.5320E+03
1.0000E+02 7.2500E+00 2.8850E+01 6.5030E+01 1.1560E+02 1.8070E+02 2.5984E+02 3.5430E+02 4.6280E+02 5.8570E+02 7.2300E+02 8.7500E+02 1.0410E+03 1.2220E+03 1.4170E+03 1.6260E+03 1.8510E+03 2.0900E+03 2.3420E+03
1.5000E+02 5.4170E+00 2.1560E+01 4.8620E+01 8.6470E+01 1.3520E+02 1.9485E+02 2.6510E+02 3.4640E+02 4.3860E+02 5.4160E+02 6.5550E+02 7.8020E+02 9.1580E+02 1.0620E+03 1.2200E+03 1.3880E+03 1.5670E+03 1.7570E+03
2.0000E+02 4.4700E+00 1.7800E+01 4.0140E+01 7.1400E+01 1.1160E+02 1.6058E+02 2.1900E+02 2.8620E+02 3.6240E+02 4.4760E+02 5.4190E+02 6.4510E+02 7.5740E+02 8.7870E+02 1.0090E+03 1.1480E+03 1.2970E+03 1.4550E+03
2.5000E+02 3.8844E+00 1.5500E+01 3.4960E+01 6.2200E+01 9.7260E+01 1.4020E+02 1.9090E+02 2.4940E+02 3.1590E+02 3.9020E+02 4.7240E+02 5.6250E+02 6.6050E+02 7.6640E+02 8.8030E+02 1.0020E+03 1.1320E+03 1.2690E+03
3.0000E+02 3.5040E+00 1.4020E+01 3.1490E+01 5.6020E+01 8.7600E+01 1.2632E+02 1.7190E+02 2.2470E+02 2.8460E+02 3.5160E+02 4.2570E+02 5.0700E+02 5.9540E+02 6.9090E+02 7.9360E+02 9.0350E+02 1.0200E+03 1.1450E+03
4.0000E+02 3.0180E+00 1.2090E+01 2.7150E+01 4.8300E+01 7.5540E+01 1.0886E+02 1.4830E+02 1.9380E+02 2.4550E+02 3.0340E+02 3.6730E+02 4.3750E+02 5.1380E+02 5.9640E+02 6.8510E+02 7.8010E+02 8.8130E+02 9.8870E+02
5.0000E+02 2.7310E+00 1.0940E+01 2.4580E+01 4.3730E+01 6.8390E+01 9.8600E+01 1.3430E+02 1.7560E+02 2.2240E+02 2.7480E+02 3.3280E+02 3.9630E+02 4.6550E+02 5.4040E+02 6.2080E+02 7.0700E+02 7.9870E+02 8.9620E+02
6.0000E+02 2.5440E+00 1.0200E+01 2.2910E+01 4.0770E+01 6.3760E+01 9.1865E+01 1.2520E+02 1.6370E+02 2.0730E+02 2.5620E+02 3.1030E+02 3.6960E+02 4.3410E+02 5.0390E+02 5.7900E+02 6.5940E+02 7.4500E+02 8.3600E+02
7.0000E+02 2.4145E+00 9.6820E+00 2.1760E+01 3.8720E+01 6.0560E+01 8.7352E+01 1.1890E+02 1.5550E+02 1.9700E+02 2.4340E+02 2.9480E+02 3.5110E+02 4.1250E+02 4.7880E+02 5.5020E+02 6.2660E+02 7.0800E+02 7.9450E+02
8.0000E+02 2.3230E+00 9.3130E+00 2.0940E+01 3.7260E+01 5.8270E+01 8.4088E+01 1.1440E+02 1.4960E+02 1.8950E+02 2.3420E+02 2.8360E+02 3.3790E+02 3.9690E+02 4.6080E+02 5.2950E+02 6.0300E+02 6.8140E+02 7.6460E+02
9.0000E+02 2.2551E+00 9.0420E+00 2.0330E+01 3.6170E+01 5.6570E+01 8.1101E+01 1.1110E+02 1.4520E+02 1.8400E+02 2.2740E+02 2.7540E+02 3.2810E+02 3.8540E+02 4.4750E+02 5.1420E+02 5.8560E+02 6.6170E+02 7.4260E+02
1.0000E+03 2.2030E+00 8.8310E+00 1.9860E+01 3.5350E+01 5.5280E+01 7.7418E+01 1.0860E+02 1.4190E+02 1.7980E+02 2.2220E+02 2.6910E+02 3.2060E+02 3.7670E+02 4.3730E+02 5.0250E+02 5.7230E+02 6.4670E+02 7.2580E+02
